50 0.005346265174752670 0.003283385442263650
51 0.005810688210135220 0.003544801480660440
52 0.006264310709811210 0.003795760877521360
53 0.006717933209487190 0.004015350349774660
54 0.007171555709163170 0.004234939822027960
55 0.007657579815958870 0.004475442577353010
56 0.008176005529874280 0.004747315257285670
57 0.008683630708083120 0.005071471144897680
58 0.009180455350585390 0.005458366881724930
59 0.009677279993087660 0.005897545826231530
60 0.010228107314122800 0.006399464619953360
61 0.010822136777984200 0.006943209979818680
62 0.011513371063204700 0.007518325264291610
63 0.012269408562664700 0.008103897190300420
64 0.013111850347777200 0.008741752323988580
65 0.014029895882835800 0.009452803948427840
66 0.015034345703546900 0.010247508705154100
67 0.016038795524258000 0.011104953311095500
68 0.017064846416382300 0.012035594407788100
69 0.018112498379919600 0.013049888636767600
70 0.019278956236229300 0.014168749281105900
71 0.020531818378191600 0.015392176340802900
72 0.021827882662980100 0.016667886608179200
73 0.023134747483475200 0.017943596875555500
74 0.024463213375383400 0.019282046992147100
75 0.025899684624357400 0.020787803373312600
76 0.027422560158983900 0.022429496094444400
77 0.028891433015077500 0.024050275532504500
78 0.030273901585518600 0.025629228404421100
79 0.031591566941720300 0.027208181276337700
80 0.032887631226508800 0.028891700563613000
81 0.034140493368471100 0.030721612832390500
82 0.035166544260595300 0.032561981742703900
83 0.035922581760055300 0.034339610803802000
84 0.036365403724024700 0.036033586732613200
85 0.036516611223916700 0.037539343113778700
86 0.036300600509785300 0.038804596739619200
87 0.035663368903097600 0.039693411270168200
88 0.034572514796733900 0.040132590214674900
89 0.032963234976454800 0.040028023799316100
90 0.030857130513673500 0.039285602250269300
91 0.028265001944096400 0.037894868925998300
92 0.025305655160496000 0.035845367184967500
93 0.022076294984231200 0.033189380234856200
94 0.018717328379487600 0.030021017849487100
95 0.015347561239037500 0.026371649953467900
96 0.012129001598479300 0.022481779302123700
97 0.009277660171944530 0.018591908650779500
98 0.006825938566552900 0.014890257547081000
99 0.004881842139370110 0.011585958821745600
100 0.003391368211863310 0.008804492173203810
101 0.002300514105499630 0.006545857601455560
102 0.001522875534626520 0.004726401974213920
103 0.000972048213591394 0.003335668649943010
104 0.000604829999567979 0.002269091213284120
105 0.000356417678316845 0.001495299739629630
106 0.000216010714131421 0.000951554379764307
107 0.000108005357065710 0.000575115284472933
108 0.000064803214239426 0.000345069170683760
109 0.000032401607119713 0.000188219547645687
110 0.000010800535706571 0.000094109773822844
111 0.000010800535706571 0.000052283207679358
112 0.000000000000000000 0.000020913283071743
113 0.000000000000000000 0.000010456641535872